[gd_scene load_steps=4 format=2]

[ext_resource path="res://Spatial.tres" type="Material" id=1]
[ext_resource path="res://MeshInstance.gd" type="Script" id=2]

[sub_resource type="PlaneMesh" id=4]
subdivide_width = 80
subdivide_depth = 80

[node name="Spatial" type="Spatial"]

[node name="Camera" type="Camera" parent="."]
transform = Transform( 1, 0, 0, 0, 0.663287, 0.748366, 0, -0.748366, 0.663287, 0.117782, 1.85361, 2.68608 )

[node name="MeshInstance" type="MeshInstance" parent="."]
transform = Transform( 1, 0, 0, 0, 0.979357, 0.202138, 0, -0.202138, 0.979357, 0, 0.646268, 1.30283 )
mesh = SubResource( 4 )
material/0 = ExtResource( 1 )
script = ExtResource( 2 )

[node name="DirectionalLight" type="DirectionalLight" parent="."]
transform = Transform( -0.247904, -0.968574, -0.0202077, -0.0744895, -0.00173992, 0.99722, -0.965917, 0.24872, -0.0717172, 0.0434585, 4.23337, 1.27061 )
light_energy = 1.68
light_indirect_energy = 3.12
light_specular = 0.34
